LU_DEM_Test/141214test01.txt
ncols         36
nrows         36
xllcorner     0
yllcorner     0
cellsize      10
NODATA_value  -9999

38.482 41.080 38.235 35.235 35.082 38.619 39.347 41.549 45.546 44.368 38.592 32.981 31.464 29.876 28.529 25.012 20.937 17.898 13.815 13.992 14.574 15.838 18.299 22.100 26.684 35.098 36.944 42.017 41.729 45.933 55.323 56.647 51.397 45.315 44.615 48.593 
40.550 41.321 40.233 39.108 38.753 39.338 38.985 39.015 39.828 38.691 35.356 31.756 29.836 28.128 26.457 24.061 21.324 18.186 13.681 11.890 13.904 17.348 21.351 26.509 31.445 36.160 38.464 42.386 44.726 47.787 51.322 51.485 49.097 46.163 44.746 44.869 
41.547 41.500 41.252 40.859 40.336 39.695 38.896 38.094 37.234 35.826 33.570 30.789 28.378 26.377 24.446 22.421 19.942 16.404 12.529 11.386 14.770 19.575 24.610 30.424 35.086 37.830 40.529 43.945 47.224 49.554 50.497 50.051 48.690 46.890 45.014 43.221 
41.657 41.629 41.476 41.155 40.627 39.877 38.952 37.969 36.869 35.279 32.908 29.919 27.070 24.717 22.697 20.675 17.782 13.839 11.382 12.441 16.744 21.897 27.217 33.020 37.418 40.025 42.963 46.326 49.280 51.108 51.572 50.875 49.387 47.462 45.365 43.281 
41.724 41.765 41.680 41.415 40.921 40.166 39.180 38.072 36.798 35.002 32.386 29.091 25.876 23.310 21.433 19.657 16.283 12.006 11.343 14.489 19.120 23.937 29.001 34.419 38.827 41.804 44.891 48.066 50.636 52.090 52.308 51.471 49.881 47.845 45.620 43.395 
41.794 41.911 41.903 41.712 41.282 40.571 39.581 38.374 36.891 34.824 31.883 28.246 24.751 22.161 20.731 19.356 15.018 10.131 11.416 16.365 21.081 25.548 30.437 35.460 39.809 43.133 46.276 49.207 51.429 52.594 52.644 51.734 50.112 48.044 45.764 43.466 
41.867 42.062 42.138 42.035 41.695 41.063 40.111 38.824 37.101 34.698 31.378 27.404 23.717 21.276 20.514 18.785 12.008 7.387 12.249 18.130 21.824 26.404 31.650 36.373 40.489 43.995 47.147 49.849 51.775 52.710 52.642 51.706 50.107 48.070 45.803 43.493 
41.940 42.214 42.378 42.372 42.136 41.606 40.711 39.354 37.375 34.596 30.887 26.637 22.849 20.658 20.374 17.379 8.004 5.116 14.558 19.891 21.453 26.536 32.630 37.136 40.898 44.433 47.565 50.074 51.752 52.501 52.352 51.428 49.896 47.942 45.745 43.478 
42.012 42.366 42.617 42.709 42.580 42.155 41.324 39.908 37.685 34.515 30.457 26.050 22.262 20.309 19.821 15.375 6.112 6.040 18.269 21.406 20.924 26.356 33.334 37.680 41.100 44.568 47.624 49.950 51.416 52.014 51.816 50.937 49.510 47.681 45.602 43.427 
42.083 42.514 42.849 43.032 43.002 42.672 41.903 40.462 38.039 34.486 30.159 25.758 22.076 20.256 19.320 13.182 4.952 9.082 21.894 22.490 20.584 25.967 33.688 38.034 41.196 44.517 47.414 49.533 50.802 51.281 51.071 50.270 48.980 47.310 45.386 43.342 
42.152 42.656 43.068 43.332 43.383 43.126 42.411 40.980 38.443 34.607 30.146 25.865 22.350 20.550 18.912 10.968 3.687 11.050 23.228 22.912 20.357 25.304 33.620 38.221 41.241 44.356 46.999 48.861 49.937 50.333 50.150 49.462 48.336 46.852 45.111 43.230 
42.217 42.789 43.270 43.600 43.709 43.498 42.816 41.414 38.883 35.012 30.608 26.442 23.021 21.117 18.235 9.123 3.069 9.073 20.807 22.498 19.987 24.284 33.063 38.193 41.214 44.100 46.404 47.956 48.846 49.199 49.088 48.548 47.609 46.329 44.790 43.095 
42.278 42.912 43.450 43.830 43.975 43.783 43.109 41.735 39.323 35.723 31.590 27.464 23.807 21.381 18.018 9.743 3.252 5.822 17.405 21.524 19.459 23.067 31.951 37.749 40.982 43.694 45.615 46.826 47.552 47.913 47.922 47.559 46.824 45.758 44.434 42.942 
42.334 43.021 43.607 44.022 44.183 43.988 43.302 41.953 39.735 36.608 32.918 28.830 24.676 21.392 18.551 12.812 4.697 3.549 14.316 19.861 18.581 21.759 30.292 36.630 40.307 43.008 44.581 45.471 46.087 46.516 46.688 46.525 46.003 45.157 44.054 42.776 
42.384 43.117 43.740 44.177 44.341 44.131 43.428 42.115 40.108 37.458 34.283 30.400 25.852 21.816 19.468 16.236 7.937 2.816 10.781 16.985 17.001 20.353 28.217 34.665 38.896 41.836 43.234 43.907 44.495 45.051 45.419 45.471 45.166 44.540 43.660 42.601 
42.428 43.199 43.850 44.299 44.458 44.232 43.523 42.262 40.452 38.198 35.527 32.047 27.462 22.963 20.484 18.861 12.254 4.105 7.132 12.770 14.613 18.785 26.027 32.063 36.559 39.939 41.524 42.188 42.841 43.564 44.143 44.413 44.327 43.920 43.263 42.423 
42.465 43.268 43.938 44.394 44.549 44.314 43.616 42.425 40.784 38.822 36.575 33.613 29.356 24.666 21.471 20.267 16.341 7.117 4.138 8.071 11.791 16.779 23.633 29.078 33.452 37.337 39.532 40.448 41.214 42.096 42.876 43.360 43.494 43.310 42.873 42.248 
42.496 43.323 44.010 44.471 44.625 44.395 43.729 42.620 41.123 39.358 37.411 34.941 31.198 26.494 22.478 20.704 19.037 10.864 2.780 4.468 9.190 14.177 20.747 25.898 29.972 34.262 37.398 38.834 39.706 40.677 41.616 42.308 42.673 42.722 42.504 42.082 
42.521 43.368 44.067 44.536 44.697 44.487 43.871 42.853 41.481 39.852 38.083 35.979 32.782 28.281 23.746 21.166 20.471 14.369 4.079 3.235 7.196 11.769 17.685 22.630 26.383 30.848 35.032 37.321 38.355 39.310 40.345 41.242 41.867 42.169 42.171 41.933 
42.540 43.403 44.115 44.596 44.774 44.598 44.045 43.121 41.865 40.341 38.663 36.772 34.039 29.917 25.256 22.058 21.203 17.311 7.496 3.620 6.216 10.248 15.170 19.755 23.032 27.149 32.050 35.454 36.928 37.908 39.018 40.137 41.070 41.666 41.888 41.809 
42.554 43.430 44.157 44.655 44.860 44.729 44.245 43.417 42.269 40.844 39.220 37.420 35.002 31.303 26.777 23.165 21.671 19.636 11.563 4.057 6.039 9.577 13.797 17.956 20.423 23.391 28.173 32.667 35.048 36.321 37.574 38.959 40.271 41.218 41.670 41.716 
42.563 43.451 44.193 44.715 44.956 44.878 44.466 43.727 42.682 41.354 39.784 38.005 35.741 32.394 28.136 24.195 21.638 20.601 15.597 5.008 4.707 8.348 13.110 17.525 19.197 20.446 24.079 29.093 32.562 34.432 35.957 37.664 39.443 40.824 41.520 41.654 
42.567 43.464 44.224 44.776 45.060 45.040 44.698 44.039 43.081 41.845 40.346 38.579 36.342 33.202 29.258 25.194 21.726 20.586 18.012 6.579 3.077 6.306 12.302 18.025 19.308 18.889 20.878 25.607 29.791 32.298 34.159 36.205 38.527 40.450 41.424 41.617 
42.565 43.469 44.248 44.834 45.167 45.206 44.929 44.337 43.445 42.280 40.859 39.134 36.864 33.780 30.136 26.342 22.759 20.539 17.475 8.136 3.207 4.199 10.462 18.092 19.971 18.696 19.418 23.216 27.298 30.126 32.249 34.574 37.453 40.031 41.337 41.580 
42.558 43.464 44.261 44.883 45.268 45.366 45.149 44.608 43.754 42.620 41.243 39.572 37.271 34.174 30.786 27.460 24.125 20.411 15.373 8.671 4.281 2.683 6.848 15.426 19.889 19.062 19.301 22.006 25.403 28.185 30.414 32.864 36.171 39.450 41.167 41.500 
42.544 43.447 44.258 44.915 45.352 45.508 45.343 44.836 43.989 42.833 41.422 39.744 37.462 34.412 31.208 28.228 25.008 19.962 13.274 8.547 5.557 2.086 2.745 10.857 18.370 19.241 19.723 21.573 24.167 26.692 28.896 31.292 34.742 38.588 40.770 41.313 
42.524 43.415 44.234 44.920 45.405 45.616 45.493 45.001 44.130 42.898 41.356 39.566 37.377 34.521 31.385 28.358 24.867 19.119 12.214 8.750 6.685 2.366 0.374 7.171 15.822 18.877 19.998 21.438 23.510 25.782 27.918 30.155 33.397 37.426 40.009 40.949 
42.496 43.368 44.182 44.887 45.412 45.671 45.581 45.083 44.154 42.801 41.085 39.165 37.138 34.555 31.298 27.771 23.809 18.250 12.292 9.385 7.377 3.056 0.671 6.211 14.053 18.266 20.078 21.520 23.362 25.472 27.580 29.731 32.582 36.196 38.865 40.365 
42.461 43.303 44.100 44.806 45.355 45.652 45.582 45.056 44.032 42.529 40.651 38.648 36.781 34.418 30.846 26.575 22.301 17.620 12.791 9.950 7.506 3.532 2.291 7.167 13.482 17.721 20.072 21.795 23.646 25.708 27.846 30.024 32.454 35.174 37.491 39.531 
42.421 43.223 43.984 44.668 45.217 45.533 45.471 44.892 43.730 42.052 40.058 38.015 36.203 33.875 29.880 24.981 20.892 17.454 12.989 9.850 6.918 3.404 3.650 8.464 13.642 17.448 20.122 22.259 24.294 26.396 28.579 30.803 32.851 34.547 36.137 38.453 
42.375 43.128 43.836 44.468 44.981 45.286 45.213 44.557 43.205 41.317 39.231 37.112 35.155 32.630 28.272 23.196 19.865 17.960 12.986 8.878 5.303 3.067 5.457 10.275 14.341 17.526 20.371 22.953 25.259 27.431 29.600 31.722 33.378 34.282 35.062 37.256 
42.326 43.022 43.660 44.208 44.638 44.881 44.765 43.999 42.395 40.274 38.143 35.887 33.559 30.662 26.067 21.233 18.811 17.466 11.728 6.304 3.522 4.212 8.460 12.644 15.496 18.110 21.061 23.993 26.517 28.716 30.784 32.667 33.960 34.442 34.732 36.660 
42.272 42.906 43.461 43.895 44.185 44.295 44.073 43.136 41.206 38.882 36.808 34.391 31.494 28.103 23.326 18.936 16.842 14.499 8.948 2.965 3.364 7.791 12.583 15.360 17.131 19.402 22.427 25.491 28.052 30.172 32.064 33.670 34.700 35.091 35.428 37.228 
42.214 42.781 43.244 43.542 43.638 43.515 43.068 41.834 39.498 37.111 35.218 32.640 29.064 25.041 19.965 16.100 13.150 10.336 7.244 3.042 6.618 11.971 16.466 18.162 19.400 21.571 24.544 27.454 29.829 31.754 33.414 34.753 35.619 36.109 36.758 38.445 
42.152 42.647 43.012 43.164 43.026 42.562 41.691 39.903 37.138 34.985 32.918 29.859 25.872 21.549 16.193 13.007 9.458 6.536 6.427 5.713 11.167 15.365 19.637 21.143 22.401 24.552 27.263 29.766 31.779 33.420 34.812 35.904 36.661 37.269 38.141 39.593 
42.083 42.500 42.765 42.770 42.388 41.510 40.024 37.470 34.385 32.762 29.969 26.103 22.479 18.521 13.327 11.154 8.594 5.268 6.452 8.745 14.617 17.829 22.467 24.468 25.999 28.034 30.275 32.225 33.799 35.113 36.213 37.071 37.726 38.348 39.161 40.247 

