processing_tool_170304b/data_1/170304_DEM.txt
ncols         77
nrows         82
xllcorner     -6149.32714844
yllcorner     -4621.98606143
cellsize      200
NODATA_value  -9999
[rows 0 to 28 of 82, columns 0 to 63 of 77]
-215.307 -216.011 -214.756 -215.010 -215.723 -216.596 -217.127 -217.153 -217.153 -216.018 -215.713 -215.031 -214.993 -214.795 -215.118 -215.434 -215.336 -218.111 -218.300 -217.651 -217.261 -217.773 -219.701 -218.607 -219.609 -222.179 -222.523 -220.341 -218.745 -224.971 -233.822 -227.004 -227.648 -222.321 -214.164 -215.391 -213.861 -212.777 -211.931 -214.083 -217.965 -216.230 -215.448 -216.139 -215.480 -216.592 -219.848 -228.775 -229.794 -231.722 -231.396 -233.574 -235.269 -236.153 -233.073 -230.386 -231.606 -230.440 -230.804 -230.170 -229.582 -228.063 -223.389 -222.440
-212.421 -212.346 -211.321 -211.787 -213.780 -214.921 -215.795 -215.847 -215.873 -215.874 -215.862 -216.358 -215.890 -215.449 -214.940 -215.537 -215.804 -216.009 -216.087 -216.025 -215.739 -216.334 -217.257 -215.936 -216.268 -219.320 -219.458 -219.844 -218.961 -225.737 -237.578 -230.043 -221.881 -221.958 -223.246 -219.792 -215.827 -214.749 -214.512 -217.047 -218.303 -213.323 -210.439 -208.563 -209.189 -208.801 -211.913 -220.540 -229.666 -232.457 -233.841 -234.185 -235.738 -236.544 -233.814 -231.247 -230.294 -228.765 -227.791 -228.915 -228.371 -227.678 -222.339 -217.228
-210.901 -210.538 -209.438 -209.370 -210.863 -211.985 -213.358 -215.219 -215.146 -215.134 -215.873 -216.688 -217.722 -217.270 -216.749 -215.937 -215.694 -215.200 -215.470 -215.408 -215.016 -215.620 -216.519 -216.106 -216.199 -218.559 -218.661 -219.136 -221.315 -226.063 -236.197 -229.316 -221.544 -221.258 -226.725 -227.966 -218.359 -214.895 -215.385 -218.525 -220.151 -210.798 -208.862 -208.549 -214.980 -216.157 -217.675 -221.479 -228.487 -231.104 -232.814 -233.515 -235.121 -235.869 -234.628 -231.274 -228.016 -228.417 -227.734 -228.802 -226.351 -224.240 -221.781 -217.239
-209.966 -209.080 -208.441 -208.009 -208.908 -209.532 -210.658 -213.165 -213.968 -213.885 -214.610 -215.322 -216.835 -216.969 -216.651 -215.924 -215.392 -214.474 -214.634 -214.608 -214.165 -213.973 -215.018 -215.142 -216.548 -218.249 -218.236 -218.890 -221.272 -224.346 -232.150 -228.468 -221.247 -220.715 -227.427 -232.980 -223.918 -215.899 -216.067 -215.234 -218.583 -212.640 -213.144 -214.123 -217.286 -223.129 -225.760 -227.338 -231.043 -231.925 -232.461 -233.028 -233.110 -233.883 -232.556 -230.742 -226.061 -225.795 -227.603 -228.687 -225.481 -221.739 -220.900 -220.071
-208.273 -207.950 -208.110 -208.096 -208.473 -208.627 -209.316 -210.766 -211.507 -211.484 -212.126 -212.781 -213.292 -213.671 -213.591 -213.749 -213.574 -213.504 -213.686 -213.696 -212.842 -211.873 -211.168 -212.972 -215.080 -218.310 -218.310 -219.028 -221.654 -223.395 -225.356 -224.291 -220.980 -220.082 -227.541 -235.111 -226.198 -218.606 -217.473 -212.214 -208.059 -211.269 -215.939 -223.556 -225.555 -227.845 -232.971 -235.798 -236.903 -236.621 -235.312 -233.424 -231.023 -229.278 -227.788 -226.256 -224.046 -222.783 -224.344 -228.544 -225.219 -220.066 -221.391 -222.386
-207.612 -207.772 -208.449 -209.096 -209.752 -208.815 -209.290 -210.823 -211.337 -211.468 -212.453 -213.075 -213.579 -213.662 -213.586 -213.266 -214.024 -214.538 -212.886 -212.820 -212.249 -211.573 -210.812 -212.245 -213.664 -216.332 -217.220 -216.969 -215.724 -218.518 -220.244 -221.086 -219.500 -219.594 -223.788 -231.577 -218.235 -212.224 -211.651 -217.948 -214.268 -218.373 -223.449 -230.443 -231.089 -232.727 -236.007 -239.154 -240.883 -234.792 -233.990 -232.387 -229.377 -226.448 -224.454 -224.407 -223.453 -221.545 -221.227 -224.651 -223.902 -219.116 -219.302 -222.516
-207.538 -207.499 -208.301 -209.449 -210.419 -210.195 -209.538 -211.119 -211.571 -211.924 -213.030 -213.726 -214.234 -214.329 -214.319 -214.036 -213.767 -214.805 -213.636 -211.871 -211.523 -212.445 -211.990 -212.937 -214.942 -216.215 -215.209 -215.528 -212.360 -211.520 -214.442 -215.526 -217.046 -218.074 -223.814 -228.372 -220.230 -212.856 -213.557 -215.728 -222.297 -225.862 -228.725 -234.533 -234.533 -234.536 -237.097 -239.226 -242.043 -236.802 -232.117 -230.864 -228.195 -224.833 -222.704 -221.637 -222.737 -221.594 -220.061 -221.075 -219.971 -218.276 -218.131 -219.360
-207.564 -207.558 -207.251 -208.650 -210.129 -210.810 -211.049 -211.802 -212.183 -212.293 -213.418 -214.098 -214.542 -214.679 -214.715 -214.730 -213.675 -211.989 -212.314 -211.312 -211.317 -213.348 -214.964 -215.332 -216.966 -219.557 -216.758 -214.162 -211.685 -209.830 -211.143 -210.618 -212.116 -215.622 -223.538 -229.824 -229.876 -228.870 -232.884 -231.914 -232.370 -233.031 -232.429 -232.049 -230.185 -228.861 -226.604 -225.625 -226.623 -233.090 -229.637 -228.589 -226.357 -223.644 -222.575 -221.141 -221.178 -221.544 -220.244 -218.246 -217.923 -216.762 -217.311 -216.335
-207.546 -207.576 -207.085 -208.247 -210.070 -210.535 -211.964 -213.207 -212.577 -212.376 -213.517 -214.369 -214.817 -215.130 -215.387 -215.805 -214.354 -211.343 -210.971 -211.361 -211.629 -213.355 -215.806 -216.150 -216.142 -218.395 -217.216 -213.048 -211.278 -209.480 -209.429 -207.782 -207.856 -211.302 -221.931 -230.318 -232.422 -232.912 -236.392 -238.005 -236.507 -235.504 -233.922 -231.208 -228.231 -226.189 -223.559 -221.580 -219.085 -222.819 -226.948 -226.160 -224.193 -222.617 -222.227 -220.983 -220.122 -220.101 -219.863 -217.821 -215.822 -215.234 -215.508 -215.350
-207.680 -207.571 -206.986 -207.972 -210.038 -210.461 -211.631 -214.110 -213.991 -212.714 -213.756 -214.586 -215.302 -215.629 -215.886 -216.546 -215.417 -211.693 -211.324 -211.671 -212.243 -214.047 -216.006 -216.494 -216.667 -215.941 -214.476 -212.297 -210.862 -209.758 -209.197 -206.953 -205.805 -208.176 -218.695 -229.063 -232.800 -235.757 -237.134 -238.494 -239.720 -237.666 -234.884 -231.123 -227.832 -224.758 -222.734 -221.379 -220.699 -220.269 -221.586 -223.407 -221.785 -220.616 -221.660 -221.137 -219.625 -219.125 -218.866 -217.608 -215.803 -214.635 -214.765 -214.432
-206.516 -206.540 -207.051 -207.557 -209.350 -210.703 -211.337 -212.823 -214.236 -214.076 -215.650 -216.540 -217.016 -217.191 -217.208 -216.802 -215.254 -210.578 -212.720 -213.175 -213.370 -215.713 -217.771 -215.021 -214.374 -213.232 -214.812 -213.717 -212.420 -209.515 -206.096 -207.230 -207.100 -210.313 -217.671 -227.390 -231.065 -232.185 -230.561 -235.994 -237.922 -238.288 -235.554 -231.902 -228.581 -224.828 -219.220 -221.312 -221.675 -219.129 -218.556 -219.512 -220.352 -218.537 -218.170 -219.880 -219.657 -218.370 -216.780 -212.480 -216.066 -216.401 -220.525 -220.547
-206.185 -206.070 -206.078 -207.816 -209.041 -210.240 -211.485 -212.325 -213.753 -214.930 -216.209 -217.008 -217.489 -217.653 -217.721 -217.370 -215.932 -210.780 -211.524 -214.104 -214.303 -215.670 -218.201 -215.335 -212.550 -210.837 -211.520 -212.799 -211.210 -209.985 -204.572 -207.107 -208.303 -211.626 -218.276 -226.002 -230.100 -229.384 -223.670 -228.088 -234.436 -235.704 -236.443 -232.779 -231.263 -227.901 -222.009 -222.503 -225.430 -220.674 -217.971 -217.139 -217.224 -218.963 -218.583 -217.453 -219.599 -217.800 -217.855 -212.958 -212.622 -216.260 -219.677 -221.379
-206.523 -207.228 -205.762 -207.059 -209.449 -210.222 -211.287 -212.314 -214.017 -215.647 -215.998 -216.391 -216.207 -216.584 -216.773 -217.157 -215.812 -212.238 -211.445 -212.889 -214.866 -215.291 -216.504 -213.681 -210.944 -209.163 -208.213 -208.167 -203.742 -203.508 -203.428 -208.981 -212.167 -212.755 -217.853 -224.291 -229.763 -229.278 -213.648 -217.016 -223.470 -229.558 -232.127 -233.946 -233.706 -232.497 -228.632 -229.536 -232.094 -225.297 -220.490 -217.607 -216.846 -218.075 -221.138 -220.703 -219.416 -217.016 -216.470 -218.870 -217.004 -215.900 -215.479 -216.125
-206.308 -207.048 -205.559 -206.098 -208.744 -209.763 -210.781 -211.901 -214.102 -215.949 -215.957 -216.028 -215.715 -215.528 -215.724 -215.919 -214.930 -211.664 -210.410 -211.329 -213.390 -213.365 -213.865 -211.864 -208.984 -206.946 -203.867 -203.426 -202.343 -200.000 -201.127 -203.277 -210.166 -212.940 -216.168 -221.347 -224.994 -227.441 -218.322 -208.891 -214.570 -219.998 -226.167 -229.566 -230.864 -231.409 -229.383 -227.235 -230.212 -228.489 -224.709 -223.980 -221.883 -222.340 -225.609 -222.469 -218.203 -217.512 -216.240 -218.425 -215.518 -213.802 -214.298 -213.866
-207.771 -206.482 -205.097 -205.496 -207.747 -208.940 -210.183 -211.437 -213.680 -216.072 -215.933 -215.832 -215.392 -215.059 -214.834 -214.712 -213.802 -211.024 -209.561 -209.881 -212.070 -211.868 -210.903 -209.325 -207.521 -205.029 -201.394 -197.738 -199.173 -199.613 -200.353 -200.380 -203.820 -211.462 -215.532 -218.973 -221.382 -222.068 -218.897 -213.430 -208.033 -212.248 -218.124 -223.972 -225.262 -226.532 -227.423 -226.768 -225.848 -225.799 -226.359 -227.815 -226.510 -226.007 -229.362 -227.501 -217.655 -216.538 -216.853 -218.368 -215.423 -210.653 -211.891 -212.200
-207.009 -205.663 -205.007 -205.041 -206.875 -208.581 -209.932 -211.369 -213.522 -215.869 -215.655 -215.519 -214.927 -214.393 -214.241 -214.818 -214.037 -211.815 -209.940 -210.041 -212.522 -212.084 -210.614 -209.208 -207.613 -205.982 -202.218 -198.441 -200.967 -201.075 -200.476 -199.502 -202.379 -209.651 -211.994 -214.646 -216.059 -217.863 -217.327 -212.997 -208.059 -210.825 -216.792 -222.652 -223.383 -224.727 -225.739 -225.439 -224.412 -223.504 -224.040 -225.370 -223.056 -222.501 -226.308 -225.505 -218.954 -217.524 -217.465 -218.508 -215.617 -210.840 -211.370 -211.780
-206.101 -204.749 -203.913 -203.934 -205.326 -207.423 -208.674 -209.996 -211.836 -214.161 -214.728 -214.491 -213.871 -213.468 -213.351 -214.195 -214.098 -212.313 -209.663 -209.163 -211.698 -212.910 -211.311 -208.759 -206.369 -204.135 -202.397 -204.832 -214.575 -212.879 -211.124 -202.632 -201.732 -207.441 -209.454 -210.413 -211.356 -212.533 -213.426 -213.564 -209.176 -211.036 -212.033 -218.145 -218.826 -221.119 -222.329 -221.060 -220.065 -218.393 -218.165 -219.365 -218.053 -218.244 -222.714 -225.345 -221.027 -219.834 -220.326 -221.620 -220.565 -215.972 -212.119 -213.038
-204.107 -203.738 -202.526 -202.273 -202.912 -205.530 -207.284 -207.223 -208.844 -210.791 -212.027 -212.275 -211.644 -211.491 -211.767 -213.391 -213.493 -212.588 -209.781 -208.075 -210.085 -211.583 -212.495 -209.357 -205.774 -200.422 -198.709 -204.209 -226.365 -231.075 -225.649 -215.767 -206.606 -206.559 -206.458 -206.760 -206.820 -207.538 -208.435 -210.322 -211.374 -212.172 -211.051 -209.688 -208.949 -210.497 -215.496 -213.557 -210.644 -207.225 -206.121 -206.699 -206.970 -209.187 -218.194 -222.058 -223.794 -222.706 -223.020 -225.552 -224.860 -223.643 -217.421 -214.329
-202.734 -202.723 -201.981 -201.146 -201.499 -202.630 -205.083 -205.749 -207.551 -209.504 -210.897 -210.999 -209.670 -209.557 -209.360 -209.590 -209.930 -209.006 -207.183 -204.558 -205.311 -208.467 -209.780 -205.850 -205.099 -204.100 -198.348 -202.152 -222.486 -233.992 -233.839 -235.454 -226.206 -216.706 -211.273 -207.886 -209.861 -210.751 -212.380 -210.053 -210.462 -209.406 -208.528 -206.084 -204.995 -205.861 -210.474 -209.192 -205.838 -204.427 -201.933 -202.160 -203.169 -206.236 -214.163 -217.889 -220.005 -219.149 -218.392 -220.011 -221.934 -220.966 -222.346 -219.028
-201.798 -201.684 -201.041 -200.678 -200.452 -201.083 -202.036 -203.514 -205.352 -207.791 -209.101 -209.070 -207.191 -206.622 -205.759 -205.079 -204.095 -203.259 -201.656 -200.084 -199.402 -201.219 -204.811 -201.032 -199.240 -202.121 -198.867 -193.351 -212.830 -226.274 -233.661 -236.262 -237.480 -226.081 -218.492 -210.958 -213.556 -214.010 -215.560 -214.071 -210.972 -208.588 -205.990 -204.139 -204.134 -203.721 -207.599 -205.981 -202.499 -201.899 -200.826 -200.247 -203.284 -204.699 -211.315 -214.331 -215.524 -214.592 -214.041 -213.780 -215.002 -217.201 -219.706 -221.043
-200.960 -200.854 -200.078 -199.909 -200.017 -199.310 -199.601 -199.968 -200.457 -201.599 -200.942 -200.353 -197.501 -196.023 -194.519 -189.622 -188.176 -186.670 -185.872 -184.516 -183.641 -183.643 -185.644 -186.148 -183.522 -183.402 -185.050 -181.702 -177.180 -193.497 -204.008 -208.774 -213.071 -219.359 -214.567 -212.679 -218.183 -219.793 -217.490 -216.113 -213.974 -211.093 -208.099 -204.768 -206.251 -206.594 -206.254 -204.321 -200.288 -201.968 -201.191 -199.687 -205.802 -208.390 -208.615 -210.696 -211.392 -209.906 -209.496 -209.975 -209.057 -210.055 -215.382 -216.813
-200.870 -200.879 -199.384 -199.096 -199.403 -198.378 -197.632 -197.666 -196.881 -196.820 -194.241 -191.135 -187.581 -185.077 -183.533 -179.329 -175.225 -173.231 -172.296 -171.250 -171.164 -171.410 -169.911 -170.325 -171.973 -170.933 -174.052 -173.847 -168.205 -176.181 -182.577 -185.665 -191.615 -200.698 -205.954 -213.205 -218.759 -220.893 -217.964 -216.267 -214.601 -213.054 -209.681 -205.934 -205.753 -206.639 -205.956 -204.029 -199.928 -201.615 -201.940 -200.648 -205.269 -209.312 -209.912 -209.166 -209.163 -208.042 -206.774 -207.477 -207.926 -207.300 -211.224 -214.003
-201.287 -201.379 -199.533 -199.001 -199.272 -198.170 -197.087 -196.696 -195.979 -194.428 -190.331 -184.849 -178.217 -174.494 -171.803 -169.736 -167.032 -163.761 -163.489 -164.020 -161.634 -163.506 -158.463 -152.179 -96.587 -74.379 -65.196 -96.026 -153.665 -162.906 -167.620 -169.285 -176.566 -187.998 -197.076 -213.361 -218.624 -220.850 -217.476 -215.273 -214.438 -213.602 -211.713 -207.716 -206.852 -206.324 -205.857 -204.387 -201.715 -202.172 -202.495 -201.529 -205.601 -208.815 -210.246 -210.015 -208.639 -207.458 -206.802 -206.921 -207.420 -208.149 -210.207 -211.754
-193.806 -193.840 -193.445 -191.092 -190.042 -186.788 -184.573 -181.612 -175.500 -171.748 -164.319 -160.321 -155.365 -153.412 -150.876 -145.948 -154.304 -156.207 -144.057 -127.777 -123.590 -97.520 -87.798 -82.292 -68.075 -56.717 -48.275 -41.055 -21.728 -44.198 -84.718 -127.739 -111.468 -154.209 -152.602 -201.220 -207.878 -213.002 -207.280 -213.122 -213.526 -215.130 -214.261 -212.403 -210.535 -209.566 -208.362 -208.001 -206.626 -198.003 -200.114 -201.369 -203.820 -206.565 -207.038 -207.835 -206.972 -205.750 -204.596 -204.088 -203.715 -204.003 -203.858 -206.151
-187.792 -186.375 -185.767 -182.846 -179.905 -176.327 -172.682 -168.425 -161.124 -152.123 -145.411 -139.989 -136.596 -135.126 -141.258 -151.280 -106.668 -117.511 -113.801 -112.994 -95.197 -95.598 -91.197 -84.884 -78.170 -67.958 -55.044 -33.624 -21.365 -20.060 -6.531 -10.349 -82.030 -113.282 -154.167 -151.068 -194.084 -205.716 -198.211 -203.399 -210.505 -212.682 -213.177 -212.312 -211.058 -210.557 -209.170 -207.479 -206.954 -200.859 -196.059 -199.865 -204.520 -205.597 -204.629 -204.310 -204.584 -203.538 -202.360 -201.229 -201.127 -200.643 -200.075 -199.716
-182.913 -181.822 -177.316 -172.458 -165.285 -162.065 -158.625 -155.525 -148.413 -139.799 -136.753 -133.390 -133.495 -131.841 -103.419 -93.871 -124.549 -120.509 -112.401 -103.759 -79.827 -76.444 -80.420 -83.242 -74.773 -58.957 -53.804 -47.147 -42.095 -33.922 -18.064 1.420 -64.643 -94.057 -137.442 -153.781 -167.994 -186.885 -189.755 -194.907 -202.279 -204.910 -205.769 -205.527 -205.416 -205.554 -207.606 -204.442 -200.986 -198.216 -195.361 -197.179 -204.725 -207.482 -203.464 -201.254 -200.160 -199.508 -198.478 -197.418 -198.310 -198.797 -198.160 -196.972
-176.632 -175.649 -170.081 -165.390 -157.952 -152.480 -148.364 -142.702 -142.253 -134.978 -130.986 -130.898 -131.273 -134.097 -136.125 -132.979 -124.925 -113.781 -108.949 -107.303 -101.507 -81.194 -58.041 -65.894 -71.573 -70.013 -59.579 -52.091 -48.822 -38.545 -23.031 -11.198 -11.604 -63.032 -98.596 -154.780 -150.757 -162.210 -169.923 -184.953 -192.487 -195.729 -198.448 -198.717 -201.243 -200.375 -201.275 -198.996 -195.423 -199.232 -198.539 -200.028 -204.434 -208.030 -203.500 -200.269 -198.440 -197.191 -196.294 -195.193 -193.933 -195.148 -194.768 -194.493
-171.239 -168.907 -162.324 -156.616 -151.725 -147.016 -142.686 -134.082 -130.521 -131.307 -131.221 -153.387 -137.332 -135.946 -131.323 -124.417 -117.109 -104.321 -95.971 -96.618 -96.880 -92.229 -75.371 -47.553 -43.943 -47.030 -41.691 -35.174 -31.394 -29.092 -24.593 -10.670 -6.740 -72.068 -102.096 -134.684 -152.731 -147.416 -150.247 -166.413 -181.703 -185.426 -188.732 -191.603 -195.800 -197.770 -195.335 -192.245 -189.777 -197.174 -200.872 -202.558 -206.609 -208.291 -203.585 -199.893 -197.931 -196.687 -195.252 -193.977 -192.231 -190.496 -190.242 -190.192
-164.243 -161.633 -153.796 -147.976 -143.049 -138.456 -135.725 -133.488 -131.107 -146.295 -150.412 -115.286 -119.814 -131.877 -130.269 -124.266 -120.576 -115.628 -99.019 -79.987 -79.313 -85.375 -83.350 -77.183 -66.763 -53.722 -33.926 -23.758 -17.648 -13.333 -15.660 -9.115 -8.704 -64.974 -102.691 -116.871 -157.302 -148.811 -146.620 -155.455 -169.562 -178.462 -182.960 -186.833 -189.247 -191.178 -188.960 -188.902 -188.788 -196.893 -200.661 -202.437 -206.635 -208.351 -203.599 -199.846 -197.681 -196.612 -194.736 -190.159 -189.352 -187.993 -188.056 -188.356
