processing_tool_170304b/data_1/170304_DEM.txt
ncols         77
nrows         82
xllcorner     -6149.32714844
yllcorner     -4621.98606143
cellsize      200
NODATA_value  -9999
[rows 29 to 57 of 82, columns 0 to 63 of 77]
-153.867 -150.703 -142.354 -139.602 -134.609 -131.270 -150.731 -151.090 -157.486 -144.042 -109.120 -91.172 -99.773 -121.284 -128.547 -126.052 -116.252 -114.413 -110.314 -101.922 -92.078 -87.200 -69.480 -64.669 -64.756 -56.057 -48.618 -41.148 -33.507 -26.855 -20.020 -4.834 2.029 -18.164 -52.992 -78.483 -116.108 -152.707 -144.754 -151.431 -159.556 -169.868 -177.844 -182.659 -184.459 -185.817 -183.785 -187.206 -189.544 -197.399 -200.699 -202.404 -206.216 -208.057 -203.662 -199.018 -196.491 -195.424 -193.756 -189.106 -186.249 -185.565 -185.312 -185.042
-136.804 -135.154 -135.631 -132.679 -152.540 -156.080 -157.947 -142.125 -103.221 -109.252 -111.647 -91.197 -75.903 -98.653 -121.083 -124.116 -112.446 -99.140 -106.200 -104.207 -99.829 -94.453 -94.831 -88.510 -75.542 -55.121 -31.641 -26.953 -22.475 -18.790 -12.020 0.246 8.096 -11.166 -40.850 -54.854 -84.912 -143.529 -152.417 -144.900 -151.795 -163.418 -172.008 -179.455 -180.252 -181.019 -180.386 -185.428 -191.858 -199.036 -202.069 -202.487 -205.909 -207.449 -203.365 -199.091 -194.576 -193.358 -191.673 -188.058 -185.240 -183.456 -182.536 -181.820
-131.501 -147.164 -151.114 -153.617 -149.528 -128.498 -105.603 -107.617 -80.789 -81.086 -95.407 -93.643 -54.775 -102.811 -121.484 -120.607 -96.330 -80.030 -86.357 -93.435 -93.919 -73.713 -79.536 -72.191 -68.942 -72.277 -56.879 -49.281 -36.970 -28.333 -18.410 -2.515 -1.505 -50.428 -84.951 -93.315 -101.422 -112.928 -157.577 -145.129 -151.511 -158.944 -165.083 -172.744 -177.386 -177.698 -177.228 -185.166 -191.697 -197.204 -200.285 -200.638 -202.090 -204.063 -201.134 -197.313 -193.204 -190.750 -189.492 -187.029 -185.287 -183.652 -183.002 -181.793
-160.176 -156.064 -149.486 -127.747 -129.065 -113.751 -101.933 -91.233 -87.088 -60.072 -67.556 -78.414 -60.596 -118.072 -116.289 -106.911 -85.534 -61.243 -52.733 -69.946 -88.937 -72.285 -57.102 -47.804 -45.105 -56.824 -62.373 -46.852 -38.593 -27.222 -17.694 -3.681 -16.764 -48.981 -82.150 -97.939 -108.463 -113.544 -127.624 -154.286 -146.589 -153.188 -159.708 -166.044 -171.208 -175.431 -174.994 -182.350 -190.481 -195.060 -197.709 -198.052 -199.606 -200.672 -198.537 -196.034 -192.601 -189.813 -186.602 -184.741 -184.137 -183.590 -183.190 -182.025
-160.176 -124.640 -87.359 -99.997 -122.645 -115.827 -90.170 -84.071 -71.864 -59.578 -47.081 -47.322 -75.969 -113.454 -112.307 -105.156 -90.287 -75.039 -52.773 -39.983 -57.904 -68.509 -57.977 -35.482 -25.512 -44.875 -52.900 -32.383 -20.723 -12.526 -0.838 -19.701 -67.285 -82.208 -76.821 -89.117 -106.170 -112.658 -118.604 -127.280 -152.016 -146.720 -153.195 -161.103 -166.380 -171.327 -175.058 -180.384 -187.043 -190.712 -193.482 -194.178 -196.848 -198.388 -198.466 -196.367 -193.659 -190.660 -187.077 -180.246 -180.457 -180.551 -182.093 -181.061
-160.176 -101.977 -78.670 -77.433 -115.653 -115.660 -109.390 -96.282 -75.822 -57.197 -43.698 -37.287 -75.521 -107.933 -112.670 -98.550 -94.436 -82.256 -66.411 -38.994 -30.926 -40.006 -51.466 -42.996 -18.333 -24.433 -44.752 -35.582 -22.499 -7.117 2.337 -58.516 -75.178 -83.756 -92.920 -99.613 -103.684 -110.301 -112.205 -112.943 -118.356 -148.372 -149.794 -156.597 -160.720 -167.312 -172.393 -178.091 -183.724 -187.389 -189.523 -190.368 -191.821 -194.911 -195.785 -195.981 -193.494 -192.530 -188.086 -179.037 -177.383 -178.164 -179.246 -179.771
-160.176 -112.441 -60.414 -60.061 -102.213 -94.687 -97.434 -94.692 -84.938 -67.194 -44.088 -38.312 -62.894 -91.314 -111.357 -102.202 -86.672 -80.680 -69.489 -53.793 -34.127 -23.506 -27.068 -36.401 -22.809 -9.167 -25.263 -32.197 -23.765 -6.605 3.376 -46.348 -63.974 -67.701 -92.631 -97.997 -103.242 -108.013 -123.262 -136.306 -141.758 -143.728 -144.760 -152.268 -155.659 -161.076 -169.009 -175.113 -180.598 -184.142 -186.207 -186.758 -187.285 -188.644 -191.646 -193.008 -193.233 -192.753 -190.136 -179.030 -175.897 -176.613 -177.101 -177.194
-160.176 -112.209 -68.878 -50.308 -73.990 -75.816 -78.515 -77.897 -72.912 -67.816 -53.725 -37.570 -59.748 -92.551 -103.946 -101.480 -90.024 -82.062 -64.712 -55.242 -40.850 -24.334 -15.737 -14.231 -18.977 -7.397 -1.476 -13.468 -15.939 7.418 15.174 -5.302 -14.984 -33.333 -74.849 -95.620 -103.286 -113.916 -128.306 -139.937 -142.558 -144.597 -145.988 -143.337 -151.904 -153.656 -159.302 -167.940 -174.298 -179.716 -182.790 -184.219 -184.551 -185.512 -187.985 -189.713 -190.148 -188.922 -186.705 -179.498 -174.585 -174.590 -174.315 -173.307
-160.176 -90.148 -68.168 -52.139 -48.524 -51.756 -52.667 -62.316 -43.314 -50.775 -39.976 -33.461 -65.245 -71.219 -86.049 -101.183 -96.826 -94.700 -89.267 -73.415 -63.604 -37.270 -23.104 -12.880 -5.554 -1.316 4.778 8.968 5.342 16.396 15.012 -9.868 -48.747 -63.020 -103.616 -111.711 -116.366 -114.353 -125.085 -139.067 -142.269 -145.120 -146.540 -147.211 -144.692 -149.675 -152.772 -158.472 -168.325 -175.282 -178.601 -181.248 -182.407 -182.507 -184.605 -185.180 -185.972 -184.402 -182.741 -176.484 -173.946 -172.726 -172.884 -172.770
-160.176 -82.409 -48.916 -46.210 -43.121 -41.039 -40.806 -41.093 -37.705 -37.059 -42.428 -36.515 -39.980 -40.380 -55.752 -93.415 -85.580 -85.335 -91.109 -86.526 -80.164 -74.990 -70.157 -59.305 -33.604 -16.558 -2.079 8.421 14.316 17.996 -15.026 -73.423 -85.801 -97.257 -103.377 -111.280 -120.925 -126.583 -133.245 -137.178 -141.089 -142.251 -144.793 -145.050 -141.660 -146.399 -148.908 -152.539 -159.672 -172.050 -176.380 -178.215 -180.564 -181.278 -180.507 -180.343 -179.318 -176.794 -174.953 -172.842 -171.018 -170.436 -172.579 -172.870
-160.176 -135.879 -58.073 -61.578 -54.583 -43.345 -49.336 -71.710 -96.563 -94.095 -90.379 -70.167 -40.125 -27.842 -40.709 -82.655 -77.201 -66.546 -87.805 -81.294 -76.711 -74.506 -60.682 -58.029 -55.927 -41.940 -25.147 -24.557 -13.258 6.338 -44.676 -79.977 -93.111 -102.966 -113.083 -114.442 -112.426 -119.049 -133.001 -137.176 -138.936 -141.177 -143.728 -143.927 -143.541 -141.327 -148.752 -152.581 -157.630 -167.458 -174.105 -176.136 -179.273 -180.874 -181.159 -178.922 -175.986 -173.714 -171.026 -168.744 -169.174 -169.378 -172.327 -172.641
-160.176 -157.055 -96.720 -86.967 -68.273 -55.158 -95.347 -113.564 -118.632 -111.571 -94.265 -86.750 -59.055 -33.277 -29.069 -57.704 -71.065 -47.140 -75.999 -83.906 -73.417 -49.059 -31.118 -39.910 -50.069 -47.307 -40.055 -22.465 -10.824 5.779 -43.416 -81.721 -93.822 -106.075 -112.620 -117.420 -125.526 -128.127 -131.617 -136.187 -137.506 -142.503 -143.815 -144.875 -145.354 -143.963 -143.784 -152.451 -156.448 -164.434 -170.206 -173.752 -177.799 -180.038 -180.978 -179.923 -175.092 -172.412 -169.630 -166.722 -166.789 -167.868 -171.350 -172.486
-160.176 -154.439 -104.669 -68.296 -63.233 -95.625 -120.597 -118.419 -117.299 -132.532 -129.063 -113.477 -78.735 -56.072 -26.321 -39.188 -56.685 -32.357 -40.561 -73.478 -76.553 -67.313 -25.552 -11.578 -21.484 -34.074 -32.816 -8.419 10.282 4.146 -39.440 -69.442 -81.735 -98.440 -107.202 -113.774 -120.412 -127.956 -135.197 -136.417 -141.224 -143.425 -144.707 -145.533 -146.556 -146.504 -145.405 -147.275 -152.223 -156.634 -161.760 -164.537 -175.926 -179.163 -180.100 -179.355 -176.005 -173.008 -170.055 -165.345 -165.746 -166.845 -167.921 -169.451
-160.176 -148.051 -87.793 -86.489 -116.554 -131.272 -124.308 -105.241 -94.582 -109.834 -118.307 -105.060 -84.233 -78.133 -46.822 -27.099 -45.881 -32.144 -15.747 -33.621 -64.025 -69.004 -50.991 -19.885 -0.510 -23.833 -24.073 -1.735 12.482 -16.710 -79.004 -90.818 -101.184 -108.534 -109.453 -110.254 -115.323 -125.071 -133.759 -138.877 -140.436 -138.603 -143.431 -146.054 -146.983 -147.312 -147.144 -147.082 -148.371 -152.551 -155.071 -157.192 -167.265 -176.764 -178.178 -177.738 -175.013 -173.587 -170.649 -166.221 -164.635 -165.829 -166.173 -166.844
-160.176 -123.699 -123.724 -136.936 -132.675 -122.195 -112.227 -91.510 -80.266 -83.373 -95.807 -99.000 -102.044 -93.624 -90.223 -50.940 -23.884 -26.701 -11.344 -11.106 -41.904 -62.103 -66.113 -38.685 1.851 -0.234 -16.053 -7.533 5.063 -21.209 -81.108 -95.115 -104.961 -112.239 -118.247 -123.100 -128.956 -132.890 -134.028 -135.327 -130.153 -135.750 -140.127 -141.928 -147.769 -146.723 -146.718 -147.695 -145.329 -149.149 -151.636 -152.536 -160.812 -168.553 -173.526 -174.224 -172.808 -172.302 -170.827 -167.250 -165.617 -164.976 -163.968 -164.078
-160.176 -144.584 -134.107 -135.472 -110.493 -111.388 -115.024 -105.366 -94.995 -80.998 -77.717 -91.899 -93.216 -96.057 -100.380 -84.165 -41.486 -14.373 -7.176 -0.820 -14.352 -36.667 -57.878 -43.907 -8.757 0.409 1.302 11.072 14.583 -2.484 -61.217 -86.295 -103.078 -112.274 -118.472 -124.643 -130.400 -129.387 -123.922 -115.912 -118.368 -130.190 -136.967 -143.691 -145.804 -147.866 -147.898 -148.008 -148.505 -143.998 -148.168 -149.723 -152.686 -160.624 -166.378 -168.556 -167.603 -167.516 -167.343 -165.593 -163.889 -163.190 -162.359 -162.178
-160.176 -149.903 -112.557 -104.826 -87.246 -96.985 -115.762 -95.439 -85.225 -74.943 -64.437 -66.953 -78.692 -82.556 -96.756 -96.262 -68.303 -47.536 -23.176 2.327 3.085 -34.539 -51.080 -49.383 -46.943 -41.220 -26.056 -4.734 18.409 -8.848 -61.177 -83.778 -103.798 -110.501 -115.426 -122.728 -120.011 -114.770 -106.844 -113.413 -125.135 -133.667 -144.863 -149.145 -149.075 -148.037 -148.097 -148.376 -149.376 -147.024 -144.924 -146.567 -149.730 -152.512 -158.830 -162.483 -162.348 -162.649 -162.485 -162.751 -163.397 -162.486 -161.557 -160.616
-160.176 -156.960 -97.030 -86.371 -66.040 -81.694 -108.498 -99.836 -93.094 -84.049 -72.371 -48.912 -55.091 -75.400 -94.323 -97.906 -84.162 -71.154 -50.276 -22.641 10.280 -18.973 -37.959 -35.538 -28.268 -31.286 -16.393 -0.610 5.170 -64.438 -83.568 -93.544 -104.256 -113.356 -118.682 -119.728 -106.628 -116.651 -118.240 -125.787 -137.226 -144.855 -149.239 -148.891 -148.895 -148.485 -148.070 -147.718 -148.024 -147.854 -147.514 -143.738 -147.280 -150.066 -151.806 -157.197 -159.808 -161.545 -161.516 -160.449 -162.922 -164.254 -163.145 -161.891
-160.176 -154.634 -95.955 -88.718 -65.367 -56.511 -71.802 -87.017 -81.537 -72.746 -75.721 -62.020 -30.487 -57.981 -95.871 -93.783 -87.662 -78.441 -62.930 -36.483 2.105 8.756 -20.522 -8.176 -6.224 -17.421 -18.147 11.141 -17.168 -73.924 -85.795 -96.649 -105.840 -111.956 -114.798 -113.622 -105.382 -131.056 -142.232 -142.388 -144.871 -147.279 -149.386 -149.199 -148.154 -148.444 -148.202 -148.083 -148.525 -147.964 -147.946 -149.197 -146.294 -148.921 -151.423 -154.496 -158.378 -159.609 -160.782 -159.925 -160.385 -163.127 -163.507 -162.301
-160.176 -152.585 -80.123 -78.949 -84.312 -73.856 -51.434 -54.499 -63.645 -56.729 -51.695 -56.188 -35.427 -44.117 -95.529 -94.557 -75.704 -74.155 -62.777 -39.763 -22.848 6.236 11.851 11.014 14.125 0.905 -13.885 10.368 -22.501 -70.950 -84.597 -95.580 -103.444 -109.751 -107.429 -101.009 -112.494 -133.564 -142.255 -150.123 -150.239 -149.911 -149.651 -149.757 -148.514 -148.599 -148.071 -147.889 -144.037 -147.055 -147.921 -147.684 -148.074 -147.642 -152.591 -154.759 -157.971 -158.805 -159.270 -159.499 -159.976 -160.798 -162.442 -162.202
-160.176 -157.206 -131.636 -127.483 -129.004 -114.515 -81.180 -52.632 -35.770 -33.348 -30.041 -38.436 -37.158 -33.700 -83.868 -92.075 -89.636 -69.306 -55.990 -42.770 -31.254 -11.740 19.976 34.339 35.576 14.117 0.639 17.325 -2.935 -38.002 -73.631 -87.834 -98.051 -106.524 -106.333 -88.812 -114.130 -131.047 -140.530 -149.118 -149.909 -149.941 -149.887 -149.756 -149.488 -148.773 -148.287 -145.976 -143.264 -145.846 -147.707 -148.217 -148.088 -147.793 -148.197 -149.465 -154.677 -155.683 -156.544 -157.527 -158.121 -158.551 -157.264 -159.214
-160.176 -157.085 -125.354 -118.243 -108.944 -108.796 -111.047 -92.203 -59.453 -42.701 -29.949 -21.401 -20.044 -16.347 -67.056 -83.101 -90.505 -85.191 -74.650 -44.733 -30.297 -18.754 -1.979 25.362 43.017 32.311 16.670 23.128 -44.177 -74.370 -87.820 -93.739 -101.793 -104.681 -100.163 -104.376 -129.769 -136.324 -144.093 -147.497 -149.607 -149.851 -149.628 -149.888 -149.842 -149.812 -148.576 -148.218 -145.779 -146.218 -147.443 -148.431 -148.830 -148.273 -148.500 -147.720 -147.674 -151.596 -153.488 -155.046 -156.087 -156.788 -156.195 -156.449
-151.586 -112.310 -109.632 -109.777 -94.181 -90.606 -97.981 -100.718 -86.064 -83.642 -69.884 -61.262 -33.052 -4.940 -44.087 -74.117 -81.608 -85.445 -80.039 -72.346 -69.655 -53.920 -45.501 -16.712 -0.663 34.998 40.446 -21.180 -79.262 -85.493 -96.504 -106.642 -105.603 -102.864 -109.400 -126.129 -133.580 -139.032 -144.315 -146.060 -149.652 -149.597 -149.751 -149.919 -150.818 -149.649 -147.957 -148.947 -148.528 -148.295 -148.348 -148.443 -148.450 -148.310 -148.451 -148.014 -147.843 -147.213 -147.392 -151.683 -153.213 -154.605 -155.622 -156.837
-160.178 -99.137 -94.530 -101.010 -97.340 -77.688 -87.286 -100.621 -88.371 -74.345 -61.317 -59.939 -53.046 -20.492 -21.304 -49.600 -69.378 -84.736 -79.920 -56.067 -54.535 -48.807 -44.139 -36.971 -12.576 27.654 40.465 -45.968 -78.854 -91.737 -101.100 -110.073 -112.814 -115.844 -116.554 -131.849 -135.286 -140.292 -143.329 -145.755 -149.132 -150.177 -149.873 -150.611 -147.977 -148.723 -149.310 -148.886 -148.643 -148.399 -148.398 -148.627 -148.596 -149.020 -147.881 -147.921 -147.573 -147.394 -148.209 -148.335 -151.285 -153.994 -155.155 -155.376
-160.176 -87.648 -80.113 -83.360 -88.235 -80.397 -93.453 -88.982 -76.445 -61.193 -43.639 -37.483 -38.954 -31.246 -3.391 -25.703 -61.563 -78.086 -81.185 -71.085 -71.033 -44.161 -19.853 -6.835 4.290 7.300 8.266 -2.953 -48.246 -66.171 -93.234 -103.001 -105.059 -118.423 -123.995 -129.111 -133.617 -139.221 -142.466 -144.838 -147.400 -149.522 -149.830 -150.538 -149.985 -150.947 -148.820 -148.777 -148.871 -148.463 -148.331 -149.085 -149.817 -146.455 -147.822 -147.793 -147.838 -146.838 -147.750 -148.880 -151.350 -153.487 -154.757 -155.448
-160.176 -74.364 -60.898 -58.575 -69.191 -64.147 -88.643 -80.456 -73.723 -64.663 -47.827 -24.236 -16.633 -16.475 -2.107 -31.531 -72.872 -75.712 -77.807 -77.509 -63.233 -64.095 -50.289 -36.633 -38.852 -33.129 -21.707 20.540 -28.765 -65.978 -87.110 -98.488 -115.314 -122.157 -125.406 -129.811 -133.868 -138.946 -141.875 -144.419 -146.641 -147.921 -148.378 -148.464 -147.909 -146.232 -148.147 -149.810 -149.535 -149.232 -149.307 -149.509 -149.557 -149.492 -148.960 -147.792 -147.154 -147.639 -148.161 -150.150 -150.530 -151.599 -152.892 -154.372
-160.176 -84.034 -64.271 -39.624 -40.702 -47.559 -62.968 -77.968 -58.735 -52.885 -47.171 -35.538 -12.691 -0.919 4.018 -41.944 -65.156 -70.290 -71.723 -65.027 -39.067 -56.027 -58.796 -57.744 -50.984 -34.285 -23.972 5.529 -6.634 -60.522 -87.467 -105.451 -117.488 -125.789 -128.873 -132.678 -138.054 -140.770 -143.825 -146.507 -148.040 -147.365 -148.314 -148.374 -148.343 -148.293 -149.448 -149.427 -149.424 -149.342 -149.577 -149.478 -149.461 -149.959 -149.021 -146.692 -147.622 -146.882 -147.583 -148.852 -148.302 -149.945 -151.097 -152.798
-160.176 -99.087 -86.469 -60.866 -31.074 -29.390 -61.673 -70.563 -53.258 -36.255 -26.759 -24.594 -15.351 11.396 12.167 -29.683 -56.637 -62.866 -65.707 -58.625 -54.787 -37.616 -24.640 -29.617 -31.938 -29.176 -7.076 18.105 -45.965 -91.197 -99.059 -102.175 -111.082 -127.317 -130.516 -133.030 -135.515 -137.788 -136.638 -145.159 -147.240 -146.986 -148.033 -148.340 -148.867 -148.273 -149.087 -149.164 -149.406 -149.218 -149.575 -149.654 -149.842 -147.471 -144.068 -146.767 -147.625 -147.442 -147.271 -146.876 -148.830 -148.602 -149.487 -151.086
-160.176 -112.923 -98.450 -81.790 -41.455 -18.799 -51.253 -61.488 -51.730 -52.970 -38.965 -12.448 2.735 17.914 -13.396 -36.498 -40.075 -58.976 -61.625 -62.582 -50.598 -44.774 -13.326 8.469 -2.692 -24.428 -15.427 11.074 -28.652 -53.306 -82.384 -106.848 -121.295 -125.832 -123.799 -126.706 -133.627 -139.187 -147.880 -144.339 -144.639 -147.493 -147.543 -148.574 -148.282 -147.977 -148.723 -149.194 -149.670 -149.069 -149.563 -149.654 -147.522 -147.687 -145.175 -147.460 -148.219 -148.099 -147.621 -147.072 -148.293 -148.276 -149.255 -149.893
