processing_tool_170304b/data/170131_test.txt
ncols         59
nrows         62
xllcorner     0
yllcorner     0
cellsize      50
NODATA_value  -9999
[rows 0 to 32 of 62, columns 0 to 58 of 59]
321.837 302.861 296.368 298.772 308.118 312.897 316.169 319.015 321.508 323.253 324.172 324.933 322.943 319.015 321.325 319.049 322.241 326.454 328.113 328.082 327.812 327.238 329.234 331.732 334.194 338.418 344.600 347.654 353.549 355.298 360.819 368.276 372.334 374.729 373.703 368.647 346.406 355.553 369.245 387.252 398.217 402.091 402.226 395.120 382.827 358.961 336.807 357.233 395.307 413.151 426.085 432.489 434.275 437.246 440.389 443.624 449.412 455.486 459.418
326.477 313.665 298.368 293.327 300.006 307.263 312.813 315.637 317.775 318.216 318.291 317.737 317.993 316.026 317.764 315.406 317.696 320.766 324.195 328.642 326.846 328.211 331.398 335.610 338.964 345.848 349.878 353.852 359.194 367.239 374.505 377.672 382.308 385.769 385.839 386.133 380.482 393.266 402.071 409.412 414.714 418.030 419.122 412.640 400.700 383.963 373.619 383.008 399.413 418.402 434.819 441.368 444.443 448.570 453.517 458.516 463.334 466.597 463.156
330.565 321.726 310.447 300.318 295.687 300.940 311.557 314.179 314.918 314.594 315.601 315.951 316.678 314.970 314.559 314.293 316.071 317.767 321.843 328.421 330.888 336.821 340.073 343.737 348.338 353.223 355.716 363.015 369.882 376.351 382.269 387.217 391.934 396.522 399.444 401.290 402.870 408.146 415.264 422.668 428.269 431.590 433.177 428.170 417.805 405.371 395.293 394.982 404.388 419.006 435.552 444.733 451.030 457.298 464.961 469.214 470.389 470.890 461.143
337.642 328.059 319.607 309.102 296.409 296.630 309.326 311.609 311.318 312.618 315.294 316.348 315.084 313.803 314.172 313.219 314.091 315.545 318.810 325.052 329.826 337.344 343.236 348.561 354.000 356.030 360.690 367.668 373.368 378.570 386.335 395.258 401.824 407.476 410.770 411.526 413.465 421.426 429.139 433.732 438.439 441.190 443.126 438.887 431.523 420.797 410.920 406.643 409.848 419.074 433.992 445.444 455.042 464.567 471.806 474.268 474.249 470.002 456.516
342.622 333.946 325.591 315.607 303.224 296.715 306.077 308.660 307.422 309.101 313.215 314.618 313.117 314.015 313.542 308.308 307.202 313.067 317.075 320.403 325.303 332.988 339.964 346.180 351.303 357.287 363.909 370.190 375.910 384.185 392.299 399.999 408.020 414.771 414.290 414.674 421.496 430.418 438.910 443.206 444.746 445.319 445.421 442.086 436.830 429.404 423.475 418.260 416.914 421.458 434.936 447.358 456.725 468.417 477.243 479.860 477.169 471.164 456.803
347.628 340.581 331.358 320.737 308.893 297.010 301.088 305.944 306.078 307.845 310.518 310.492 311.282 309.549 307.123 301.667 306.244 316.706 317.785 320.991 325.270 332.838 337.678 343.170 349.242 359.456 366.355 371.057 379.260 389.698 395.889 402.301 409.959 412.823 400.395 405.868 425.685 436.388 444.903 447.546 447.754 447.519 446.611 443.990 439.583 434.496 432.020 428.078 424.434 427.429 440.162 451.412 458.100 469.500 479.249 481.717 478.139 470.901 455.419
353.208 347.256 335.211 322.099 309.669 294.221 294.523 301.368 304.765 307.679 309.138 309.751 306.370 298.861 296.823 295.864 308.003 317.721 320.268 322.213 326.978 331.194 335.245 340.684 347.713 360.259 367.694 372.491 380.145 387.387 395.810 403.696 410.994 405.236 387.661 401.195 428.818 440.225 447.758 449.976 450.010 449.865 449.318 447.125 443.397 439.712 439.664 438.992 434.242 436.176 445.957 452.590 458.732 469.975 479.239 481.547 477.812 466.646 448.646
359.489 348.898 334.141 322.164 310.648 295.328 287.178 294.828 301.674 306.954 308.470 310.451 298.348 284.594 285.435 294.841 308.907 317.087 321.959 324.723 329.761 333.292 335.366 340.633 347.858 357.001 365.824 374.061 382.202 389.730 397.011 404.854 412.364 409.221 401.461 417.979 433.463 441.321 446.487 449.390 450.886 452.405 452.774 451.163 446.640 442.586 440.682 442.650 441.638 444.959 448.568 452.125 460.925 471.976 478.645 480.263 474.515 459.270 439.371
363.471 349.394 335.704 325.847 314.846 300.693 285.747 286.232 297.961 302.930 305.206 306.027 293.689 278.505 284.919 297.861 308.826 317.480 324.937 327.844 332.431 334.727 337.627 342.963 349.975 357.438 364.099 373.507 383.999 391.401 397.486 405.721 413.590 419.229 422.612 430.150 434.693 440.356 446.229 449.807 452.627 454.604 454.920 453.186 449.705 445.653 441.810 444.667 450.317 456.618 455.740 456.594 463.981 471.913 478.117 480.517 471.800 454.918 435.009
366.638 352.010 340.211 331.125 319.980 309.938 296.306 285.695 291.741 288.012 290.122 293.509 287.609 277.175 282.758 295.082 306.270 315.981 323.164 328.044 332.960 337.250 341.805 345.077 352.462 360.679 365.619 374.727 385.232 390.488 397.317 408.211 415.489 421.938 428.710 432.955 436.369 442.555 447.897 452.620 455.530 456.846 456.541 454.931 452.819 450.460 447.510 447.387 454.405 463.141 465.819 465.628 469.223 473.862 479.726 481.928 474.223 456.108 434.319
370.944 356.190 344.445 334.423 324.939 318.333 310.660 301.152 291.154 281.880 276.776 273.932 276.911 272.390 273.702 287.239 300.534 310.782 321.192 327.537 333.558 339.799 344.585 347.693 355.341 362.495 367.532 375.260 385.030 389.119 396.773 409.928 417.482 423.887 429.399 435.096 441.065 445.770 450.497 456.732 459.628 459.722 459.154 459.001 457.128 455.708 453.908 454.433 459.605 466.112 473.287 474.200 474.789 476.782 479.547 479.837 476.382 458.434 435.717
373.261 360.393 347.397 336.468 328.785 325.068 322.265 316.819 305.835 294.150 280.712 266.470 265.859 267.035 261.145 269.539 282.514 302.184 316.920 326.848 335.506 341.212 345.464 350.290 358.122 362.675 369.463 376.804 383.606 389.083 399.083 410.946 417.586 422.445 426.743 435.427 444.361 448.395 453.022 458.704 462.134 463.277 462.285 462.960 461.428 461.743 463.324 467.429 469.378 471.744 477.414 478.099 478.444 478.902 480.036 479.011 473.639 459.151 438.471
372.246 362.373 350.945 340.589 334.387 329.075 325.551 319.994 312.097 304.647 297.825 282.704 274.705 268.237 258.458 256.212 260.255 288.567 313.591 328.749 339.633 344.119 349.630 355.426 362.203 366.359 373.410 378.144 383.420 390.801 399.799 409.105 416.630 419.833 422.336 433.540 443.777 447.341 451.768 457.010 461.100 463.899 464.113 465.057 465.414 466.948 470.005 474.745 474.851 473.530 477.237 480.038 481.101 481.977 482.682 479.077 473.361 461.703 443.102
371.196 363.230 352.792 343.620 338.320 332.644 329.704 324.931 318.183 314.562 313.023 307.431 298.119 289.410 278.529 265.569 253.935 280.677 313.185 328.076 339.930 345.342 352.888 358.456 364.286 368.831 374.083 379.314 384.404 390.999 397.637 405.007 412.241 416.484 422.615 433.440 440.282 444.883 450.283 456.148 460.382 462.789 464.859 467.209 468.360 469.496 471.990 475.128 475.601 475.517 477.698 480.661 483.115 484.300 483.530 479.295 474.133 466.893 452.762
369.188 362.073 352.137 345.529 340.656 337.759 334.505 331.297 326.591 323.284 322.928 321.372 315.907 309.318 297.998 273.026 250.217 279.493 313.518 325.660 336.833 346.466 352.328 357.289 363.130 368.604 375.133 380.864 384.812 389.804 395.301 400.473 406.007 412.299 420.277 427.817 433.930 443.236 449.352 453.818 458.095 460.841 464.682 470.115 470.856 470.969 473.371 474.369 477.020 479.903 481.081 483.578 487.641 487.455 484.097 480.758 475.853 470.428 464.154
363.826 358.949 353.575 347.372 343.037 340.396 337.796 335.147 332.773 331.021 332.334 329.409 324.192 318.498 304.088 271.689 249.754 278.054 307.045 324.646 337.788 347.516 353.155 358.386 364.034 369.539 374.986 379.931 384.139 388.359 392.099 396.150 401.386 409.056 415.826 420.774 426.645 434.572 443.632 449.952 454.494 458.746 464.359 471.930 474.023 474.461 477.544 477.976 480.927 483.764 483.528 486.669 492.341 489.704 486.989 484.812 480.790 475.840 470.928
355.148 353.217 351.679 348.951 344.903 343.238 341.460 339.836 340.465 340.172 337.735 334.760 331.183 324.619 306.694 267.948 246.655 268.320 300.279 324.636 337.874 346.950 354.154 359.313 364.200 369.316 373.906 379.092 383.551 386.351 388.641 391.308 395.770 403.375 411.194 415.303 422.232 431.047 441.620 448.523 455.070 461.524 467.943 475.260 478.532 479.042 480.627 480.008 481.373 482.386 483.289 487.313 492.738 491.076 488.904 487.451 484.530 479.576 474.324
345.941 346.368 349.169 349.153 347.498 346.677 344.715 343.260 346.039 344.497 340.301 337.427 333.910 328.224 311.703 271.186 244.832 257.814 296.615 326.867 340.534 349.391 357.086 361.561 365.017 369.391 373.582 378.576 382.541 384.046 385.170 387.242 390.667 396.686 405.594 413.509 421.603 430.913 437.567 444.513 455.524 466.342 474.921 481.522 482.654 482.182 480.595 480.252 480.004 479.455 481.296 484.113 488.121 490.442 491.856 491.866 488.825 481.762 475.235
339.569 340.615 344.674 346.853 347.494 347.718 347.143 346.913 347.906 346.100 342.028 336.849 332.770 327.903 316.466 293.047 260.641 248.890 292.645 329.159 343.769 352.605 360.204 364.761 368.464 373.762 377.998 379.753 380.544 380.575 381.564 383.606 386.941 392.686 400.727 411.281 421.115 430.678 437.056 441.253 454.242 466.312 476.942 483.146 484.160 483.947 482.204 481.475 480.041 479.357 480.794 481.340 483.169 488.282 492.948 493.667 490.761 483.303 477.643
333.848 334.271 338.292 344.302 347.338 348.945 349.304 349.311 348.973 348.071 344.168 337.201 334.019 329.969 322.897 313.535 287.659 259.596 287.079 328.732 344.956 352.986 362.000 369.099 375.120 381.571 385.020 382.671 379.249 377.293 377.818 379.700 383.192 389.449 396.792 407.534 420.362 430.075 439.942 443.181 453.533 461.890 471.489 479.649 482.764 484.861 485.219 483.233 481.078 479.254 479.189 478.460 480.033 485.933 490.448 491.976 492.260 488.380 482.924
317.529 326.502 333.999 339.587 344.399 346.910 349.412 349.992 350.830 349.027 346.648 339.703 334.193 330.795 327.273 321.460 307.478 275.133 268.653 314.750 343.345 352.143 362.272 371.122 379.565 385.702 388.534 383.938 377.273 373.668 373.927 376.207 380.130 387.665 394.652 405.129 416.987 427.581 439.708 447.022 453.989 459.004 467.728 478.454 482.254 485.907 487.191 484.685 481.268 478.181 475.984 475.417 478.089 481.804 485.550 489.700 493.698 491.283 484.009
275.199 301.324 323.673 333.601 338.668 342.107 344.256 346.644 348.970 348.492 347.323 343.627 337.782 333.836 331.235 327.443 318.641 276.851 241.166 289.623 335.006 349.269 359.470 368.310 377.905 384.210 387.060 380.795 372.368 369.467 370.513 373.494 378.194 385.865 392.956 403.417 413.219 424.376 438.510 447.341 452.009 456.322 465.876 477.265 482.042 485.572 486.383 484.680 480.956 478.477 475.798 477.054 477.656 477.181 482.366 488.772 492.951 491.948 486.583
233.615 255.941 287.422 315.128 327.193 333.654 337.211 339.372 340.909 342.478 343.495 343.426 340.819 338.730 336.610 335.347 329.566 293.151 240.289 258.779 310.222 340.966 352.737 362.078 371.725 379.099 382.120 372.739 359.706 347.812 347.041 362.066 375.735 383.757 390.982 402.026 410.021 420.805 434.465 444.088 449.728 453.474 459.530 468.258 476.578 484.039 485.295 482.299 479.357 478.726 478.603 476.654 472.481 472.817 479.474 485.918 490.031 491.430 489.046
216.141 222.754 240.921 273.260 302.874 320.088 328.231 331.279 332.647 334.876 336.630 338.756 341.224 342.292 343.128 343.786 342.011 322.667 263.351 234.883 279.204 322.974 330.434 342.418 360.039 370.693 369.773 347.642 308.876 288.197 292.231 316.035 360.460 382.762 389.984 398.894 405.629 413.272 422.948 431.478 438.723 446.376 452.342 460.736 471.722 481.593 484.499 481.264 479.552 478.959 475.299 470.331 465.781 468.328 474.779 480.175 485.139 487.926 486.137
209.652 211.010 215.092 228.533 250.225 276.341 297.464 310.763 320.834 326.314 330.100 334.667 339.937 345.922 349.642 351.433 350.682 339.989 289.863 236.510 249.320 274.267 261.298 268.141 306.305 337.369 325.016 279.842 240.224 238.294 254.771 271.317 325.743 380.605 389.266 395.904 400.134 403.738 409.927 417.223 425.683 436.180 444.702 454.479 465.565 475.780 481.939 481.177 479.532 476.361 469.214 464.297 460.865 461.820 468.038 472.699 476.976 479.948 479.142
203.760 203.782 203.733 205.747 212.343 225.490 245.259 268.270 291.262 307.349 321.154 331.184 339.707 348.757 352.356 356.117 357.938 349.761 311.565 244.222 222.250 221.521 210.993 208.538 236.214 278.134 270.495 224.167 194.218 210.152 234.935 247.610 293.298 372.320 386.554 390.210 391.468 393.573 398.192 405.185 414.272 426.255 437.363 448.280 459.278 470.453 478.723 478.802 477.985 475.128 465.224 461.471 458.391 457.125 461.955 466.428 469.478 472.067 470.788
198.539 197.431 196.656 197.679 199.944 203.265 208.647 220.621 237.255 262.238 291.896 314.179 333.947 347.144 351.068 353.706 357.766 355.818 335.464 280.502 238.508 225.813 220.713 211.031 202.374 229.755 239.337 197.466 176.191 195.672 223.449 235.935 277.594 360.252 377.509 381.573 383.101 384.358 387.609 395.020 405.534 417.934 431.283 444.113 454.841 466.445 473.677 473.518 474.327 473.082 463.418 460.187 455.284 451.534 455.499 459.575 462.227 463.207 460.200
194.161 192.328 191.418 191.819 192.929 194.308 196.499 201.468 210.027 226.011 250.373 277.962 307.289 331.086 340.844 348.466 357.659 359.741 353.868 331.348 306.253 293.076 283.774 249.008 201.315 201.108 220.305 207.180 190.680 192.548 219.750 242.009 275.918 348.083 365.384 371.286 374.376 376.303 380.508 388.552 399.563 410.479 424.834 439.075 451.085 462.333 467.644 468.694 469.551 468.676 464.200 460.709 452.285 447.067 448.421 451.098 454.469 453.618 450.841
189.899 188.634 187.481 187.313 187.383 188.718 191.469 197.629 205.686 216.384 228.839 245.914 269.505 296.667 321.352 343.800 358.565 361.900 358.332 349.879 343.087 335.311 321.439 286.981 226.442 198.574 198.473 205.088 203.145 200.788 221.615 249.057 289.036 342.823 356.296 362.223 366.376 369.598 374.513 382.306 393.918 406.034 418.500 431.347 445.257 458.247 462.951 466.488 467.299 467.356 465.703 461.773 452.331 446.090 443.480 443.003 446.178 445.346 448.108
186.661 185.086 184.064 183.318 182.763 183.745 187.746 194.408 201.673 211.447 223.150 238.400 256.217 282.274 316.225 343.042 360.186 359.449 347.323 332.854 326.502 318.893 307.960 290.579 254.541 210.181 186.414 188.307 190.937 192.581 218.640 244.698 281.045 318.833 338.209 351.537 359.287 363.099 369.188 377.167 389.804 403.245 412.721 424.448 438.012 451.423 458.681 462.974 466.575 469.662 467.847 462.796 454.617 448.979 442.796 438.585 438.248 441.013 449.624
184.380 182.402 180.922 179.094 178.332 179.486 183.783 190.413 197.428 206.370 218.624 234.074 252.533 278.558 311.082 341.137 357.962 353.163 334.297 305.501 288.071 280.160 274.250 266.112 247.661 216.969 185.700 178.290 173.611 174.586 208.587 230.339 246.654 274.626 297.595 325.901 350.130 358.418 364.236 372.803 384.641 397.213 407.138 419.636 431.498 443.490 452.625 458.790 465.533 469.203 469.539 466.160 459.727 452.827 445.370 438.189 434.579 438.791 449.239
181.503 179.768 177.719 175.811 174.844 175.458 178.937 183.619 189.194 197.344 208.685 223.419 240.173 261.033 286.978 317.076 336.272 330.535 307.308 278.879 261.965 248.907 242.821 238.859 227.711 208.347 186.187 176.064 178.903 185.910 208.184 214.511 225.317 249.825 266.325 295.009 333.062 351.018 358.449 367.305 378.081 390.417 400.390 411.794 424.077 437.122 448.050 456.060 463.489 467.365 471.167 471.977 466.389 456.814 448.119 439.207 433.177 435.063 444.258
177.841 177.055 175.035 173.438 171.328 171.523 173.594 176.415 180.291 186.230 195.311 208.210 221.809 236.105 253.532 271.287 283.929 284.558 270.788 256.380 241.568 226.548 217.761 212.652 207.548 198.364 181.585 172.376 186.571 194.150 198.453 197.767 207.682 225.664 234.091 251.843 300.935 337.127 351.996 362.176 372.991 385.455 394.848 405.837 417.936 429.982 443.204 451.049 458.646 467.426 472.100 475.775 470.938 462.428 452.969 443.204 433.078 430.062 437.339
